p
6821343252731172222566144687
6373545423482781437744538175
7358742546346856384572263756
1616655256344558281368271126
1755356541621714458522735483
1684541342378132525414325181
7572663826745644328268254143
1814575465258422257516867435
4312138315731753456844346466
2643522218737881347153537372
6417343573155325673287886244
2558381888544736177848317534
8588833153246676461277818468
1835751757287286284383456643
........................................................
7832454353732282232666154688
7373555534482812447745541186
7358852556446866485572273767
1716766266445558311378271226
1756366652622714551522735583
1785651443381143525524435111
7682673827756644438268365144
1115675566251423358516877446
4423238415731854567154447476
2644533321838811457254547472
6518444583155336773388817344
2558311188555736178848318544
1588833153347787472388111568
1135851757288286284484566644
........................................................
8133555454733212343766165688
7373555544482122447756551117
7358862566446866415572273777
1717876266456568411388272227
1766366663622715551522735513
1886661454312144535524445111
7712773827766644548268476144
1126775667251434468516887446
4434338526831155678255547477
2645544432131111567355557472
6611545583155337773388118444
2558411118555737188848311554
2588833153458888483481111661
1135851757388287284485666644
........................................................
1133555555733323444776166618
8373565554483222447766661118
7358872666456166415582273777
1718887266566668511388273227
1877376664622715551522745523
1116771565422245545524456111
7822773827776645558268487144
1237776677261445578516888447
4445448637131156788356557477
2655555543231111678355558472
6611555513155337783381111554
2651511111555838118841311665
2588833154558888484411111662
2135851757488218384486666644
........................................................
2133565555733334444787166611
1373676665483323447776671111
8358882666566266515582273778
1811888266666768511388273327
1188387665622715551522756533
1127771666522255555524567121
8132773827777655558268488144
2347777777271456588516888447
4455558647231167888366658477
2665555654331111788356551572
6611555513255338813311111665
2661511111555831111841311666
2681833155558818414411111662
2235851757588321484416666644
........................................................
2233676665733344444818176612
2373787666583334547787771111
1351882666666366615582273781
1111188266667778511388273338
1111388766622715551522767633
1238781667622255555525678232
1143773827777766558268581144
3457778877271567688516888447
4565558757331178888366661577
2666556665431111818366651672
6611555614355331113311111676
2661511111555831111141311666
2611133155558121414411111662
2335861757588332414417666644
........................................................
2333787766733444544111177622
3373888766683345657818771112
2351182666667376615582273811
1111118266677788611388273331
1211381877622715551522778733
2341811777722266555526781343
1254783827777777658268611244
4567788887371678788516881547
5666558867431181818366661677
2666666766541111111366661772
6611556615455331113311111777
2661511111555131111141311676
2611133155551232414411111662
3335171767588343414418776644
........................................................
3333888777734445654111177722
3373188876783456668111871123
3351112766677387615512273112
2211111277777818611388273331
2321311187722716651522781843
3451111877722277655527811444
2365813827777778768268712344
5677888888471781818516811657
6667668877541111111366661777
2666667877651111111366661772
7611666716555331113311111777
2661511111555232111141311777
3611133165552343414411111672
4335181777581444514411877644
........................................................
4333181877744456665111177723
3373118887884567661112181233
3351122877787418715522273123
3321112287778111611318283342
3432311218722817661522811144
4561111187722278765528112444
3476113828777781878268823454
6778818888571811111516112767
7677768888651111111366661777
2667678887761111111366661772
7711667817655332113311111777
3661611111555343211141311777
4611133176553444514411111773
4435111777512445614411187744
........................................................
4433111187844567666112187734
4373121888885678761122212333
3351222887888511815522283233
3432122218781111711321213443
4543312221822118761522112144
5672111218722281876521123454
4577113128877811181268134565
7788111888671111111516123777
7778878888761111111366662777
2777788818771112111366661772
7711678117765343213311111777
4761611111655444321141311777
4611133177654445614411111774
4445111877523456615411118744
........................................................
4443121118845678766122218744
4473222188886781871222223334
4452222818881611115522213343
4543222221812111811332224444
5654322222122211871522223254
6773212221822211187622234565
5688113228888111112261145676
7881111188771111111516234777
7788181818871112111366663777
2778888111871123211366662772
7711781118776444323311111777
4771611111765545432141311777
4711133177765456625411111774
4455111187634567616512111844
........................................................
4454222111856781876222221844
4473322218887811182222233344
4553222121812711115532224444
5654322222122211111333224454
6765432222222221181632234365
7784323222122221118722345676
6781213321881211122262256777
8811111218881112112516345777
7881111111881123211366664777
2781181111181234321366663772
7711811111877545433311112777
4771711111776556543241311777
4711133187776567636512111874
4555121118745678726622211144
........................................................
4555322211167811187222232144
4574332221818111112232334444
5654322222122811115533234454
6765432222222221111333334565
7776543222222222111733345476
7885433322222222121833456777
7812323332112222222262367777
8111212321811223222516456778
8811111211111234322366665777
2811111111112345432366664772
7711111111187556543311123777
4771811111877667654342312877
4711133118777678746622211184
5555232111856781836622221144
...............................................
